These are results for 20 images

depth, branches, avg accuracy, 1st,2nd,3rd,4th
2 7 0.6625 1.0 0.8 0.55 0.3
2 8 0.7125 1.0 0.85 0.55 0.45
2 9 0.7 1.0 0.9 0.5 0.4
2 10 0.7125 1.0 0.95 0.55 0.35
3 7 0.8375 1.0 1.0 0.7 0.65
3 8 0.7875 1.0 1.0 0.6 0.55
3 9 0.775 1.0 1.0 0.5 0.6
3 10 0.7875 1.0 1.0 0.6 0.55
4 7 0.825 1.0 0.95 0.75 0.6
4 8 0.825 1.0 0.95 0.7 0.65
4 9 0.875 1.0 0.95 0.8 0.75
4 10 0.8375 1.0 0.9 0.75 0.7
5 7 0.875 1.0 1.0 0.8 0.7
5 8 0.8875 1.0 1.0 0.85 0.7
5 9 0.925 1.0 1.0 0.85 0.85
5 10 0.9125 1.0 1.0 0.9 0.75

